Character to attribute mapping:
  u: ?
  A: Algeria
  B: Argentina
  C: Australia
  D: Austria
  E: Belarus
  F: Belgium
  G: Benin
  H: Brazil
  I: Burkina_Faso
  J: Cameroon
  K: Central_African_Republic
  L: Chad
  M: China
  N: Czech_Republic
  O: Czechia
  P: Denmark
  Q: Djibouti
  R: Ethiopia
  S: Finland
  T: France
  U: Germany
  V: Ghana
  W: Greece
  X: Guinea
  Y: Hungary
  Z: Iceland
  [: Ireland
  \: Italy
  ]: Kazakhstan
  ^: Mali
  _: Malta
  `: Mauritius
  a: Mexico
  b: Netherlands
  c: New_Zealand
  d: Niger
  e: Nigeria
  f: Norway
  g: Poland
  h: Portugal
  i: Russia
  j: Saudi_Arabia
  k: Senegal
  l: Slovakia
  m: Slovenia
  n: South_Africa
  o: Spain
  p: Togo
  q: Turkey
  r: United_Kingdom
  s: United_States
  t: Vietnam


Substitution rate (mu): 32.637056

Equilibrium frequencies (pi_i):
  A: 0.0168
  B: 0.0185
  C: 0.024
  D: 0.0251
  E: 0.0293
  F: 0.0243
  G: 0.0291
  H: 0.0182
  I: 0.0268
  J: 0.017
  K: 0.0239
  L: 0.0175
  M: 0.024
  N: 0.0115
  O: 0.0156
  P: 0.0123
  Q: 0.0239
  R: 0.0245
  S: 0.0206
  T: 0.0108
  U: 0.0063
  V: 0.0283
  W: 0.0184
  X: 0.0299
  Y: 0.0264
  Z: 0.0185
  [: 0.0029
  \: 0.0239
  ]: 0.0267
  ^: 0.0174
  _: 0.012
  `: 0.0181
  a: 0.0181
  b: 0.0061
  c: 0.0058
  d: 0.0222
  e: 0.0292
  f: 0.0239
  g: 0.0227
  h: 0.0106
  i: 0.0259
  j: 0.0239
  k: 0.0172
  l: 0.0235
  m: 0.0218
  n: 0.0089
  o: 0.0165
  p: 0.0274
  q: 0.016
  r: 0.0136
  s: 0.0046
  t: 0.0194

Symmetrized rates from j->i (W_ij):
	A	B	C	D	E	F	G	H	I	J	K	L	M	N	O	P	Q	R	S	T	U	V	W	X	Y	Z	[	\	]	^	_	`	a	b	c	d	e	f	g	h	i	j	k	l	m	n	o	p	q	r	s	t
  A	0	0.9487	0.9487	0.9487	0.9487	0.9487	0.9486	0.9488	0.9451	0.9486	0.9487	0.9483	0.9487	0.9476	0.9484	0.9486	0.9487	0.9482	0.9487	0.9487	0.9483	0.9486	0.9486	0.9486	0.9488	0.9485	0.9467	0.9487	0.9488	0.9484	0.9486	0.9487	0.9487	0.9477	0.9469	0.9482	0.9487	0.9487	0.9488	0.9487	0.9488	0.9487	0.9488	0.9488	0.9487	1.1291	0.9487	0.9477	0.9488	2.6186	0.9492	0.9485
  B	0.9487	0	0.9487	0.9486	0.9486	0.9487	0.9485	1.2032	0.9447	0.9486	0.9487	0.9482	0.9486	0.9475	0.9483	0.9486	0.9487	0.948	0.9487	0.9487	0.9483	0.9485	0.9486	0.9486	0.9487	0.9485	0.9466	0.9486	0.9487	0.9483	0.9485	0.9487	0.9487	0.9476	0.9467	0.9481	0.9486	0.9486	0.9488	0.9491	0.9488	0.9486	0.9488	0.9488	0.9487	0.9468	0.9486	0.9476	0.9487	1.9953	1.5943	0.9485
  C	0.9487	0.9487	0	0.9487	0.9487	0.9487	0.9486	0.9487	0.9436	0.9486	0.9487	0.9481	0.9487	0.947	0.9482	0.9485	0.9487	0.9479	0.9487	0.9486	0.948	0.9486	0.9486	0.9487	0.9488	0.9484	0.9457	0.9487	0.9488	0.9482	0.9485	0.9487	0.9487	0.9472	0.9606	0.948	0.9487	0.9487	0.9488	0.9486	0.9489	0.9487	0.9488	0.9488	0.9487	0.9462	0.9486	0.9474	0.9487	1.3436	0.9492	0.9485
  D	0.9487	0.9486	0.9487	0	0.9486	0.9487	0.9485	0.9487	0.9433	0.9486	0.9487	0.948	0.9486	0.947	1.4227	0.9486	0.9487	0.9478	0.9487	0.9487	3.3803	0.9485	0.9485	0.9486	0.9494	0.9485	0.9729	0.9486	0.9487	0.9481	0.9485	0.9487	0.9487	0.9474	0.946	0.9479	0.9486	0.9486	0.9503	0.9486	0.9489	0.9486	0.9488	0.9494	0.9513	0.9462	0.9486	0.9472	0.9487	1.3896	0.9497	0.9484
  E	0.9487	0.9486	0.9487	0.9486	0	0.9487	0.9485	0.9486	0.9424	0.9485	0.9487	0.948	0.9486	0.9466	0.9481	0.9485	0.9487	0.9477	0.9487	0.9486	0.9483	0.9486	0.9485	0.9486	0.9487	0.9483	0.945	0.9487	0.9488	0.948	0.9484	0.9487	0.9487	0.9469	0.9455	0.9478	0.9487	0.9487	0.9488	0.9486	1.425	0.9487	0.9487	0.9488	0.9487	0.946	0.9486	0.9471	0.9488	0.8955	0.9494	0.9484
  F	0.9487	0.9487	0.9487	0.9487	0.9487	0	0.9486	0.9487	0.9435	0.9486	0.9487	0.9481	0.9487	0.947	0.9482	0.9485	0.9487	0.9479	0.9487	0.9486	0.948	0.9486	0.9486	0.9487	0.9488	0.9484	0.9852	0.9487	0.9488	0.9482	0.9485	0.9487	0.9487	0.9472	0.946	0.948	0.9487	0.9487	0.9488	0.9486	0.9489	0.9487	0.9488	0.9488	0.9487	0.9462	0.9486	0.9474	0.9487	1.3186	0.9492	0.9485
  G	0.9486	0.9485	0.9486	0.9485	0.9485	0.9486	0	0.9485	1.4168	0.9484	0.9486	1.417	0.9485	0.9466	0.948	0.9484	0.9486	0.9476	0.9486	0.9486	0.9477	0.9484	0.9484	0.9527	0.9486	0.9482	0.945	0.9485	0.9486	0.9479	0.9483	0.9486	0.9486	0.9469	0.9454	0.9521	0.9485	0.9485	0.9487	0.9485	0.9488	0.9485	0.9486	0.9487	0.9486	0.9456	0.9485	0.949	0.9486	0.8948	0.9492	0.9483
  H	0.9488	1.2032	0.9487	0.9487	0.9486	0.9487	0.9485	0	0.9448	0.9487	0.9487	0.9483	0.9487	0.9476	0.9484	0.9487	0.9487	0.9481	0.9488	1.4156	0.9485	0.9486	0.9487	0.9486	0.9488	0.9486	0.9471	0.9487	0.9488	0.9484	0.9487	0.9488	0.9488	0.9479	0.947	0.9482	0.9487	0.9487	0.9488	1.397	0.9488	0.9487	0.9489	0.9488	0.9488	0.947	0.9487	0.9476	0.9488	1.939	2.1326	0.9486
  I	0.9451	0.9447	0.9436	0.9433	0.9424	0.9435	1.4168	0.9448	0	1.0269	0.9436	2.7484	0.9435	0.9444	0.9448	0.9459	0.9436	0.9426	0.9443	1.5849	0.9472	2.6559	0.9446	2.3664	0.9431	0.9444	0.945	0.9436	0.9437	8.9911	0.9459	0.9448	0.9448	0.9458	0.9446	3.1149	0.9436	0.9436	0.944	1.2079	0.9434	0.9436	0.9455	0.9438	0.9441	0.9441	0.9451	5.9895	0.9454	1.2296	0.9484	0.9443
  J	0.9486	0.9486	0.9486	0.9486	0.9485	0.9486	0.9484	0.9487	1.0269	0	0.9486	0.9483	0.9485	0.9476	0.9483	0.9486	0.9486	0.948	0.9486	0.9488	0.9492	0.9485	0.9485	0.9486	0.9486	0.9485	0.9468	0.9486	0.9487	1.1562	0.9485	0.9486	0.9486	0.9477	0.9469	0.9482	0.9485	0.9486	0.9487	0.9487	0.9487	0.9493	0.9488	0.9487	0.9486	0.947	0.9486	0.9477	0.9487	2.5795	0.9492	0.9485
  K	0.9487	0.9487	0.9487	0.9487	0.9487	0.9487	0.9486	0.9487	0.9436	0.9486	0	0.9481	0.9487	0.9471	0.9482	0.9485	0.9487	0.9479	0.9487	0.9486	0.948	0.9486	0.9486	0.9487	0.9488	0.9484	0.9457	0.9487	0.9488	0.9482	0.9485	0.9487	0.9487	0.9472	0.9461	0.948	0.9487	0.9487	0.9488	0.9486	0.9489	0.9487	0.9488	0.9488	0.9487	0.9462	0.9486	0.9474	0.9487	1.3562	0.9492	0.9485
  L	0.9483	0.9482	0.9481	0.948	0.948	0.9481	1.417	0.9483	2.7484	0.9483	0.9481	0	0.9481	0.9472	0.9479	0.9483	0.9481	1.4222	0.9482	1.3097	0.9481	1.4223	0.9481	1.42	0.9481	0.9481	0.9465	0.9481	0.9481	1.0246	0.9482	0.9482	0.9482	0.9475	0.9466	1.4174	0.948	0.9481	0.9482	0.9485	0.9482	0.9481	0.9484	0.9482	0.9482	0.9467	0.9483	0.949	0.9483	2.2914	0.9491	0.9481
  M	0.9487	0.9486	0.9487	0.9486	0.9486	0.9487	0.9485	0.9487	0.9435	0.9485	0.9487	0.9481	0	0.947	0.9481	0.9485	0.9487	0.9478	0.9487	0.9486	0.948	0.9485	0.9485	0.9486	0.9487	0.9484	0.9457	0.9486	0.9487	0.9481	0.9484	0.9486	0.9486	0.9472	0.946	0.948	0.9486	0.9486	0.9488	0.9486	0.9488	0.9486	0.9487	0.9488	0.9487	0.9489	0.9486	0.9473	0.9487	1.3542	0.9492	0.9484
  N	0.9476	0.9475	0.947	0.947	0.9466	0.947	0.9466	0.9476	0.9444	0.9476	0.9471	0.9472	0.947	0	2.1657	0.9479	0.9471	0.9466	0.9473	0.9481	0.9489	0.9467	0.9474	0.9466	0.947	0.9474	0.9475	0.947	0.947	0.9474	1.1091	0.9475	0.9475	0.9505	0.9472	0.9469	0.9467	0.947	0.9472	0.9481	0.947	0.947	0.9477	0.9472	0.9472	0.947	0.9495	0.9461	0.9477	4.4673	1.4211	0.9473
  O	0.9484	0.9483	0.9482	1.4227	0.9481	0.9482	0.948	0.9484	0.9448	0.9483	0.9482	0.9479	0.9481	2.1657	0	0.9484	0.9482	0.9476	0.9484	0.9485	1.8836	0.948	0.9482	0.948	0.9482	0.9482	0.9469	0.9482	0.9482	0.9481	0.9484	0.9483	0.9483	0.9477	0.9469	0.9478	0.9481	0.9482	0.9484	0.9485	0.9483	0.9482	0.9485	0.9483	0.9483	0.947	0.9483	0.9472	0.9484	3.0695	1.4236	0.9481
  P	0.9486	0.9486	0.9485	0.9486	0.9485	0.9485	0.9484	0.9487	0.9459	0.9486	0.9485	0.9483	0.9485	0.9479	0.9484	0	0.9485	0.9481	0.9486	0.9487	1.0786	0.9484	0.9485	0.9485	0.9486	0.9485	0.9472	0.9485	0.9486	0.9484	0.9485	0.9486	0.9486	0.948	0.9473	0.9482	0.9485	0.9485	0.9487	0.9486	0.9486	0.9485	0.9487	0.9486	0.9486	0.9474	0.9486	0.9478	0.9487	4.0794	0.9492	0.9485
  Q	0.9487	0.9487	0.9487	0.9487	0.9487	0.9487	0.9486	0.9487	0.9436	0.9486	0.9487	0.9481	0.9487	0.9471	0.9482	0.9485	0	0.9479	0.9487	0.9486	0.948	0.9486	0.9486	0.9487	0.9488	0.9484	0.9457	0.9487	0.9488	0.9482	0.9485	0.9487	0.9487	0.9472	0.9461	0.948	0.9487	0.9487	0.9488	0.9486	0.9489	0.9487	0.9488	0.9488	0.9487	0.9462	0.9486	0.9474	0.9487	1.3562	0.9492	0.9485
  R	0.9482	0.948	0.9479	0.9478	0.9477	0.9479	0.9476	0.9481	0.9426	0.948	0.9479	1.4222	0.9478	0.9466	0.9476	0.9481	0.9479	0	0.948	0.9483	0.9477	0.9476	0.9479	0.9476	0.9479	0.9478	0.9455	0.9479	0.9479	0.9476	0.948	0.9481	0.9481	0.947	0.9458	0.9472	0.9477	0.9479	0.948	0.9483	0.948	0.9479	0.9482	0.948	0.948	0.9477	0.9481	0.9464	0.9481	1.3528	0.9491	0.9478
  S	0.9487	0.9487	0.9487	0.9487	0.9487	0.9487	0.9486	0.9488	0.9443	0.9486	0.9487	0.9482	0.9487	0.9473	0.9484	0.9486	0.9487	0.948	0	0.9487	0.9481	0.9486	0.9486	0.9487	0.9488	0.9485	0.9462	0.9487	0.9488	0.9483	0.9485	0.9487	0.9487	0.9475	0.9464	0.9481	0.9487	0.9487	0.9495	0.9486	0.9489	0.9487	0.9488	0.9488	0.9487	0.9466	0.9486	0.9476	0.9487	1.8144	0.9559	0.9485
  T	0.9487	0.9487	0.9486	0.9487	0.9486	0.9486	0.9486	1.4156	1.5849	0.9488	0.9486	1.3097	0.9486	0.9481	0.9485	0.9487	0.9486	0.9483	0.9487	0	1.6082	0.9486	0.9486	0.9487	0.9487	0.9486	0.9486	0.9486	0.9488	0.9656	0.9486	0.9487	0.9497	0.9481	1.4215	0.9485	0.9486	0.9486	0.9488	0.9489	0.9488	0.9486	0.9489	0.9488	0.9487	0.9477	0.9487	0.9481	1.1421	5.818	0.9895	0.9486
  U	0.9483	0.9483	0.948	3.3803	0.9483	0.948	0.9477	0.9485	0.9472	0.9492	0.948	0.9481	0.948	0.9489	1.8836	1.0786	0.948	0.9477	0.9481	1.6082	0	0.9478	0.9482	0.9477	0.9501	1.1985	0.9818	0.948	0.948	0.9868	1.423	0.9482	0.9482	1.6133	0.948	0.948	0.9478	0.948	0.9529	0.9485	1.0571	0.948	0.9485	0.9501	0.9546	1.1932	0.9484	0.9475	0.9922	10.872	2.6875	0.9481
  V	0.9486	0.9485	0.9486	0.9485	0.9486	0.9486	0.9484	0.9486	2.6559	0.9485	0.9486	1.4223	0.9485	0.9467	0.948	0.9484	0.9486	0.9476	0.9486	0.9486	0.9478	0	0.9484	0.9486	0.9486	0.9483	0.9451	0.9486	0.9487	0.9484	0.9484	0.9486	0.9486	0.9469	0.9455	1.1595	0.9486	0.9486	0.9487	0.9486	0.9488	0.9486	0.9487	0.9487	0.9486	0.9457	0.9485	1.0535	0.9486	0.8969	0.9492	0.9484
  W	0.9486	0.9486	0.9486	0.9485	0.9485	0.9486	0.9484	0.9487	0.9446	0.9485	0.9486	0.9481	0.9485	0.9474	0.9482	0.9485	0.9486	0.9479	0.9486	0.9486	0.9482	0.9484	0	0.9485	0.9486	0.9484	0.949	0.9485	0.9486	0.9482	0.9485	0.9486	0.9486	1.1145	0.9467	0.948	0.9485	0.9485	0.9487	0.9486	0.9487	0.9485	0.9487	0.9487	0.9486	0.9468	0.9486	0.9475	0.9486	2.1569	1.4418	0.9484
  X	0.9486	0.9486	0.9487	0.9486	0.9486	0.9487	0.9527	0.9486	2.3664	0.9486	0.9487	1.42	0.9486	0.9466	0.948	0.9485	0.9487	0.9476	0.9487	0.9487	0.9477	0.9486	0.9485	0	0.9487	0.9483	0.9449	0.9486	0.9488	2.3689	0.9484	0.9486	0.9486	0.9468	0.9454	0.9515	0.9487	0.9486	0.9488	0.9486	0.9489	0.9486	0.9487	0.9488	0.9487	0.9455	0.9485	0.9477	0.9486	0.8935	0.9493	0.9484
  Y	0.9488	0.9487	0.9488	0.9494	0.9487	0.9488	0.9486	0.9488	0.9431	0.9486	0.9488	0.9481	0.9487	0.947	0.9482	0.9486	0.9488	0.9479	0.9488	0.9487	0.9501	0.9486	0.9486	0.9487	0	0.9487	1.2966	0.9488	0.9489	0.9482	0.9485	0.9488	0.9488	0.9472	0.9459	0.948	0.9488	0.9488	1.1195	0.9487	0.949	0.9488	0.9488	1.316	0.9493	0.946	1.4239	0.9473	0.9488	1.1867	0.9495	0.9485
  Z	0.9485	0.9485	0.9484	0.9485	0.9483	0.9484	0.9482	0.9486	0.9444	0.9485	0.9484	0.9481	0.9484	0.9474	0.9482	0.9485	0.9484	0.9478	0.9485	0.9486	1.1985	0.9483	0.9484	0.9483	0.9487	0	0.9466	0.9484	0.9485	0.9482	0.9485	0.9485	0.9485	1.1066	0.9467	0.9479	0.9483	0.9484	0.9485	0.9486	0.9485	0.9484	0.9486	0.9485	0.9485	0.9468	1.1804	0.9473	0.9486	2.2792	0.9494	0.9483
  [	0.9467	0.9466	0.9457	0.9729	0.945	0.9852	0.945	0.9471	0.945	0.9468	0.9457	0.9465	0.9457	0.9475	0.9469	0.9472	0.9457	0.9455	0.9462	0.9486	0.9818	0.9451	0.949	0.9449	1.2966	0.9466	0	0.9457	0.9456	0.9469	0.9486	0.9465	0.9515	0.9776	1.287	0.9461	0.945	0.9457	1.1201	1.3123	0.9456	0.9457	0.9471	1.029	0.9689	0.948	0.947	0.945	0.9471	45.8375	1.7958	0.9462
  \	0.9487	0.9486	0.9487	0.9486	0.9487	0.9487	0.9485	0.9487	0.9436	0.9486	0.9487	0.9481	0.9486	0.947	0.9482	0.9485	0.9487	0.9479	0.9487	0.9486	0.948	0.9486	0.9485	0.9486	0.9488	0.9484	0.9457	0	0.9488	0.9482	0.9485	0.9487	0.9487	0.9472	0.9461	0.948	0.9487	0.9487	0.9488	0.9486	0.9489	0.9487	0.9487	0.9488	0.9487	0.9462	0.9486	0.9474	0.9487	1.3552	0.9507	0.9485
  ]	0.9488	0.9487	0.9488	0.9487	0.9488	0.9488	0.9486	0.9488	0.9437	0.9487	0.9488	0.9481	0.9487	0.947	0.9482	0.9486	0.9488	0.9479	0.9488	0.9488	0.948	0.9487	0.9486	0.9488	0.9489	0.9485	0.9456	0.9488	0	1.2715	0.9485	0.9488	0.9488	0.9472	0.9459	0.9481	0.9488	0.9488	0.9489	0.9487	0.949	0.9488	1.0218	0.9489	0.9488	0.946	0.9487	0.9473	0.9488	1.0888	0.9494	0.9485
  ^	0.9484	0.9483	0.9482	0.9481	0.948	0.9482	0.9479	0.9484	8.9911	1.1562	0.9482	1.0246	0.9481	0.9474	0.9481	0.9484	0.9482	0.9476	0.9483	0.9656	0.9868	0.9484	0.9482	2.3689	0.9482	0.9482	0.9469	0.9482	1.2715	0	0.9484	0.9483	0.9483	0.9477	0.9469	1.5568	0.948	0.9482	0.9483	0.9489	0.9482	0.9482	1.0352	0.9483	0.9482	0.9469	0.9484	1.1259	0.9632	2.3346	0.9493	0.9481
  _	0.9486	0.9485	0.9485	0.9485	0.9484	0.9485	0.9483	0.9487	0.9459	0.9485	0.9485	0.9482	0.9484	1.1091	0.9484	0.9485	0.9485	0.948	0.9485	0.9486	1.423	0.9484	0.9485	0.9484	0.9485	0.9485	0.9486	0.9485	0.9485	0.9484	0	0.9485	0.9485	0.9498	0.9474	0.9482	0.9484	0.9485	0.9486	0.9486	0.9486	0.9485	0.9487	0.9486	0.9485	0.9474	0.9505	0.9477	0.9486	4.6027	1.3683	0.9484
  `	0.9487	0.9487	0.9487	0.9487	0.9487	0.9487	0.9486	0.9488	0.9448	0.9486	0.9487	0.9482	0.9486	0.9475	0.9483	0.9486	0.9487	0.9481	0.9487	0.9487	0.9482	0.9486	0.9486	0.9486	0.9488	0.9485	0.9465	0.9487	0.9488	0.9483	0.9485	0	0.9487	0.9476	0.9467	0.9482	0.9487	0.9487	0.9488	0.9486	0.9488	0.9487	0.9488	0.9488	0.9487	0.9468	0.9486	0.9477	0.9487	2.2881	0.9492	0.9485
  a	0.9487	0.9487	0.9487	0.9487	0.9487	0.9487	0.9486	0.9488	0.9448	0.9486	0.9487	0.9482	0.9486	0.9475	0.9483	0.9486	0.9487	0.9481	0.9487	0.9497	0.9482	0.9486	0.9486	0.9486	0.9488	0.9485	0.9515	0.9487	0.9488	0.9483	0.9485	0.9487	0	0.9476	0.9467	0.9482	0.9487	0.9487	0.9488	0.9487	0.9488	0.9487	0.9488	0.9488	0.9487	0.9468	0.9486	0.9477	0.9487	2.2829	0.9492	0.9485
  b	0.9477	0.9476	0.9472	0.9474	0.9469	0.9472	0.9469	0.9479	0.9458	0.9477	0.9472	0.9475	0.9472	0.9505	0.9477	0.948	0.9472	0.947	0.9475	0.9481	1.6133	0.9469	1.1145	0.9468	0.9472	1.1066	0.9776	0.9472	0.9472	0.9477	0.9498	0.9476	0.9476	0	0.9478	0.9473	0.9469	0.9472	0.9474	0.9481	0.9472	0.9472	0.9479	0.9474	0.9474	0.9476	1.8046	0.9467	0.9479	12.5485	1.6262	0.9475
  c	0.9469	0.9467	0.9606	0.946	0.9455	0.946	0.9454	0.947	0.9446	0.9469	0.9461	0.9466	0.946	0.9472	0.9469	0.9473	0.9461	0.9458	0.9464	1.4215	0.948	0.9455	0.9467	0.9454	0.9459	0.9467	1.287	0.9461	0.9459	0.9469	0.9474	0.9467	0.9467	0.9478	0	0.9462	0.9455	0.9461	0.9463	0.9476	0.9459	0.9461	0.9471	0.9462	0.9463	0.9472	0.947	0.9453	0.9471	13.7777	1.0824	0.9465
  d	0.9482	0.9481	0.948	0.9479	0.9478	0.948	0.9521	0.9482	3.1149	0.9482	0.948	1.4174	0.948	0.9469	0.9478	0.9482	0.948	0.9472	0.9481	0.9485	0.948	1.1595	0.948	0.9515	0.948	0.9479	0.9461	0.948	0.9481	1.5568	0.9482	0.9482	0.9482	0.9473	0.9462	0	1.4218	0.948	0.9482	0.9485	0.9481	0.948	1.2101	0.9481	0.9481	0.9462	0.9482	0.9493	0.9483	1.6556	0.9492	0.9479
  e	0.9487	0.9486	0.9487	0.9486	0.9487	0.9487	0.9485	0.9487	0.9436	0.9485	0.9487	0.948	0.9486	0.9467	0.9481	0.9485	0.9487	0.9477	0.9487	0.9486	0.9478	0.9486	0.9485	0.9487	0.9488	0.9483	0.945	0.9487	0.9488	0.948	0.9484	0.9487	0.9487	0.9469	0.9455	1.4218	0	0.9487	0.9488	0.9486	0.9489	0.9487	0.9487	0.9488	0.9487	0.9456	0.9486	0.9471	0.9487	0.8946	0.9493	0.9484
  f	0.9487	0.9486	0.9487	0.9486	0.9487	0.9487	0.9485	0.9487	0.9436	0.9486	0.9487	0.9481	0.9486	0.947	0.9482	0.9485	0.9487	0.9479	0.9487	0.9486	0.948	0.9486	0.9485	0.9486	0.9488	0.9484	0.9457	0.9487	0.9488	0.9482	0.9485	0.9487	0.9487	0.9472	0.9461	0.948	0.9487	0	0.9488	0.9486	0.9489	0.9487	0.9487	0.9488	0.9487	0.9462	0.9486	0.9474	0.9487	1.3566	0.9492	0.9485
  g	0.9488	0.9488	0.9488	0.9503	0.9488	0.9488	0.9487	0.9488	0.944	0.9487	0.9488	0.9482	0.9488	0.9472	0.9484	0.9487	0.9488	0.948	0.9495	0.9488	0.9529	0.9487	0.9487	0.9488	1.1195	0.9485	1.1201	0.9488	0.9489	0.9483	0.9486	0.9488	0.9488	0.9474	0.9463	0.9482	0.9488	0.9488	0	0.9487	0.949	0.9488	0.9489	1.1123	0.95	0.9464	0.9488	0.9476	0.9488	1.5281	0.9494	0.9486
  h	0.9487	0.9491	0.9486	0.9486	0.9486	0.9486	0.9485	1.397	1.2079	0.9487	0.9486	0.9485	0.9486	0.9481	0.9485	0.9486	0.9486	0.9483	0.9486	0.9489	0.9485	0.9486	0.9486	0.9486	0.9487	0.9486	1.3123	0.9486	0.9487	0.9489	0.9486	0.9486	0.9487	0.9481	0.9476	0.9485	0.9486	0.9486	0.9487	0	0.9487	0.9486	0.9489	0.9487	0.9487	0.9477	0.9487	0.9481	0.9488	5.6601	0.9743	0.9485
  i	0.9488	0.9488	0.9489	0.9489	1.425	0.9489	0.9488	0.9488	0.9434	0.9487	0.9489	0.9482	0.9488	0.947	0.9483	0.9486	0.9489	0.948	0.9489	0.9488	1.0571	0.9488	0.9487	0.9489	0.949	0.9485	0.9456	0.9489	0.949	0.9482	0.9486	0.9488	0.9488	0.9472	0.9459	0.9481	0.9489	0.9489	0.949	0.9487	0	0.9489	0.9489	0.949	0.9489	1.0288	0.9487	0.9475	0.9969	1.1581	0.9711	0.9486
  j	0.9487	0.9486	0.9487	0.9486	0.9487	0.9487	0.9485	0.9487	0.9436	0.9493	0.9487	0.9481	0.9486	0.947	0.9482	0.9485	0.9487	0.9479	0.9487	0.9486	0.948	0.9486	0.9485	0.9486	0.9488	0.9484	0.9457	0.9487	0.9488	0.9482	0.9485	0.9487	0.9487	0.9472	0.9461	0.948	0.9487	0.9487	0.9488	0.9486	0.9489	0	0.9487	0.9488	0.9487	0.9462	0.9486	0.9474	0.9487	1.3563	0.9492	0.9485
  k	0.9488	0.9488	0.9488	0.9488	0.9487	0.9488	0.9486	0.9489	0.9455	0.9488	0.9488	0.9484	0.9487	0.9477	0.9485	0.9487	0.9488	0.9482	0.9488	0.9489	0.9485	0.9487	0.9487	0.9487	0.9488	0.9486	0.9471	0.9487	1.0218	1.0352	0.9487	0.9488	0.9488	0.9479	0.9471	1.2101	0.9487	0.9487	0.9489	0.9489	0.9489	0.9487	0	0.9489	0.9488	0.9471	0.9488	0.9478	1.1712	2.4955	0.9495	0.9486
  l	0.9488	0.9488	0.9488	0.9494	0.9488	0.9488	0.9487	0.9488	0.9438	0.9487	0.9488	0.9482	0.9488	0.9472	0.9483	0.9486	0.9488	0.948	0.9488	0.9488	0.9501	0.9487	0.9487	0.9488	1.316	0.9485	1.029	0.9488	0.9489	0.9483	0.9486	0.9488	0.9488	0.9474	0.9462	0.9481	0.9488	0.9488	1.1123	0.9487	0.949	0.9488	0.9489	0	0.9493	0.9464	0.9488	0.9475	0.9488	1.4403	0.9519	0.9486
  m	0.9487	0.9487	0.9487	0.9513	0.9487	0.9487	0.9486	0.9488	0.9441	0.9486	0.9487	0.9482	0.9487	0.9472	0.9483	0.9486	0.9487	0.948	0.9487	0.9487	0.9546	0.9486	0.9486	0.9487	0.9493	0.9485	0.9689	0.9487	0.9488	0.9482	0.9485	0.9487	0.9487	0.9474	0.9463	0.9481	0.9487	0.9487	0.95	0.9487	0.9489	0.9487	0.9488	0.9493	0	0.9465	0.9487	0.9475	0.9487	1.5994	1.1622	0.9485
  n	1.1291	0.9468	0.9462	0.9462	0.946	0.9462	0.9456	0.947	0.9441	0.947	0.9462	0.9467	0.9489	0.947	0.947	0.9474	0.9462	0.9477	0.9466	0.9477	1.1932	0.9457	0.9468	0.9455	0.946	0.9468	0.948	0.9462	0.946	0.9469	0.9474	0.9468	0.9468	0.9476	0.9472	0.9462	0.9456	0.9462	0.9464	0.9477	1.0288	0.9462	0.9471	0.9464	0.9465	0	0.947	0.9453	0.9801	6.7271	0.959	0.9466
  o	0.9487	0.9486	0.9486	0.9486	0.9486	0.9486	0.9485	0.9487	0.9451	0.9486	0.9486	0.9483	0.9486	0.9495	0.9483	0.9486	0.9486	0.9481	0.9486	0.9487	0.9484	0.9485	0.9486	0.9485	1.4239	1.1804	0.947	0.9486	0.9487	0.9484	0.9505	0.9486	0.9486	1.8046	0.947	0.9482	0.9486	0.9486	0.9488	0.9487	0.9487	0.9486	0.9488	0.9488	0.9487	0.947	0	0.9477	0.9487	2.7381	0.9703	0.9485
  p	0.9477	0.9476	0.9474	0.9472	0.9471	0.9474	0.949	0.9476	5.9895	0.9477	0.9474	0.949	0.9473	0.9461	0.9472	0.9478	0.9474	0.9464	0.9476	0.9481	0.9475	1.0535	0.9475	0.9477	0.9473	0.9473	0.945	0.9474	0.9473	1.1259	0.9477	0.9477	0.9477	0.9467	0.9453	0.9493	0.9471	0.9474	0.9476	0.9481	0.9475	0.9474	0.9478	0.9475	0.9475	0.9453	0.9477	0	0.9478	0.8973	0.949	0.9474
  q	0.9488	0.9487	0.9487	0.9487	0.9488	0.9487	0.9486	0.9488	0.9454	0.9487	0.9487	0.9483	0.9487	0.9477	0.9484	0.9487	0.9487	0.9481	0.9487	1.1421	0.9922	0.9486	0.9486	0.9486	0.9488	0.9486	0.9471	0.9487	0.9488	0.9632	0.9486	0.9487	0.9487	0.9479	0.9471	0.9483	0.9487	0.9487	0.9488	0.9488	0.9969	0.9487	1.1712	0.9488	0.9487	0.9801	0.9487	0.9478	0	2.8631	0.9885	0.9486
  r	2.6186	1.9953	1.3436	1.3896	0.8955	1.3186	0.8948	1.939	1.2296	2.5795	1.3562	2.2914	1.3542	4.4673	3.0695	4.0794	1.3562	1.3528	1.8144	5.818	10.872	0.8969	2.1569	0.8935	1.1867	2.2792	45.8375	1.3552	1.0888	2.3346	4.6027	2.2881	2.2829	12.5485	13.7777	1.6556	0.8946	1.3566	1.5281	5.6601	1.1581	1.3563	2.4955	1.4403	1.5994	6.7271	2.7381	0.8973	2.8631	0	19.6575	1.825
  s	0.9492	1.5943	0.9492	0.9497	0.9494	0.9492	0.9492	2.1326	0.9484	0.9492	0.9492	0.9491	0.9492	1.4211	1.4236	0.9492	0.9492	0.9491	0.9559	0.9895	2.6875	0.9492	1.4418	0.9493	0.9495	0.9494	1.7958	0.9507	0.9494	0.9493	1.3683	0.9492	0.9492	1.6262	1.0824	0.9492	0.9493	0.9492	0.9494	0.9743	0.9711	0.9492	0.9495	0.9519	1.1622	0.959	0.9703	0.949	0.9885	19.6575	0	1.4241
  t	0.9485	0.9485	0.9485	0.9484	0.9484	0.9485	0.9483	0.9486	0.9443	0.9485	0.9485	0.9481	0.9484	0.9473	0.9481	0.9485	0.9485	0.9478	0.9485	0.9486	0.9481	0.9484	0.9484	0.9484	0.9485	0.9483	0.9462	0.9485	0.9485	0.9481	0.9484	0.9485	0.9485	0.9475	0.9465	0.9479	0.9484	0.9485	0.9486	0.9485	0.9486	0.9485	0.9486	0.9486	0.9485	0.9466	0.9485	0.9474	0.9486	1.825	1.4241	0

Actual rates from j->i (Q_ij):
	A	B	C	D	E	F	G	H	I	J	K	L	M	N	O	P	Q	R	S	T	U	V	W	X	Y	Z	[	\	]	^	_	`	a	b	c	d	e	f	g	h	i	j	k	l	m	n	o	p	q	r	s	t
  A	0	0.0159	0.0159	0.0159	0.0159	0.0159	0.0159	0.0159	0.0159	0.0159	0.0159	0.0159	0.0159	0.0159	0.0159	0.0159	0.0159	0.0159	0.0159	0.0159	0.0159	0.0159	0.0159	0.0159	0.0159	0.0159	0.0159	0.0159	0.0159	0.0159	0.0159	0.0159	0.0159	0.0159	0.0159	0.0159	0.0159	0.0159	0.0159	0.0159	0.0159	0.0159	0.0159	0.0159	0.0159	0.0189	0.0159	0.0159	0.0159	0.0439	0.0159	0.0159
  B	0.0175	0	0.0175	0.0175	0.0175	0.0175	0.0175	0.0222	0.0175	0.0175	0.0175	0.0175	0.0175	0.0175	0.0175	0.0175	0.0175	0.0175	0.0175	0.0175	0.0175	0.0175	0.0175	0.0175	0.0175	0.0175	0.0175	0.0175	0.0175	0.0175	0.0175	0.0175	0.0175	0.0175	0.0175	0.0175	0.0175	0.0175	0.0175	0.0175	0.0175	0.0175	0.0175	0.0175	0.0175	0.0175	0.0175	0.0175	0.0175	0.0369	0.0295	0.0175
  C	0.0228	0.0228	0	0.0228	0.0228	0.0228	0.0228	0.0228	0.0227	0.0228	0.0228	0.0228	0.0228	0.0228	0.0228	0.0228	0.0228	0.0228	0.0228	0.0228	0.0228	0.0228	0.0228	0.0228	0.0228	0.0228	0.0227	0.0228	0.0228	0.0228	0.0228	0.0228	0.0228	0.0228	0.0231	0.0228	0.0228	0.0228	0.0228	0.0228	0.0228	0.0228	0.0228	0.0228	0.0228	0.0227	0.0228	0.0228	0.0228	0.0323	0.0228	0.0228
  D	0.0238	0.0238	0.0238	0	0.0238	0.0238	0.0238	0.0238	0.0237	0.0238	0.0238	0.0238	0.0238	0.0238	0.0357	0.0238	0.0238	0.0238	0.0238	0.0238	0.0848	0.0238	0.0238	0.0238	0.0238	0.0238	0.0244	0.0238	0.0238	0.0238	0.0238	0.0238	0.0238	0.0238	0.0237	0.0238	0.0238	0.0238	0.0238	0.0238	0.0238	0.0238	0.0238	0.0238	0.0239	0.0237	0.0238	0.0238	0.0238	0.0349	0.0238	0.0238
  E	0.0278	0.0278	0.0278	0.0278	0	0.0278	0.0278	0.0278	0.0276	0.0278	0.0278	0.0278	0.0278	0.0277	0.0278	0.0278	0.0278	0.0278	0.0278	0.0278	0.0278	0.0278	0.0278	0.0278	0.0278	0.0278	0.0277	0.0278	0.0278	0.0278	0.0278	0.0278	0.0278	0.0278	0.0277	0.0278	0.0278	0.0278	0.0278	0.0278	0.0418	0.0278	0.0278	0.0278	0.0278	0.0277	0.0278	0.0278	0.0278	0.0262	0.0278	0.0278
  F	0.023	0.023	0.023	0.023	0.023	0	0.023	0.023	0.0229	0.023	0.023	0.023	0.023	0.023	0.023	0.023	0.023	0.023	0.023	0.023	0.023	0.023	0.023	0.023	0.023	0.023	0.0239	0.023	0.023	0.023	0.023	0.023	0.023	0.023	0.023	0.023	0.023	0.023	0.023	0.023	0.023	0.023	0.023	0.023	0.023	0.023	0.023	0.023	0.023	0.032	0.023	0.023
  G	0.0276	0.0276	0.0276	0.0276	0.0276	0.0276	0	0.0276	0.0412	0.0276	0.0276	0.0412	0.0276	0.0275	0.0276	0.0276	0.0276	0.0276	0.0276	0.0276	0.0276	0.0276	0.0276	0.0277	0.0276	0.0276	0.0275	0.0276	0.0276	0.0276	0.0276	0.0276	0.0276	0.0275	0.0275	0.0277	0.0276	0.0276	0.0276	0.0276	0.0276	0.0276	0.0276	0.0276	0.0276	0.0275	0.0276	0.0276	0.0276	0.026	0.0276	0.0276
  H	0.0172	0.0218	0.0172	0.0172	0.0172	0.0172	0.0172	0	0.0172	0.0172	0.0172	0.0172	0.0172	0.0172	0.0172	0.0172	0.0172	0.0172	0.0172	0.0257	0.0172	0.0172	0.0172	0.0172	0.0172	0.0172	0.0172	0.0172	0.0172	0.0172	0.0172	0.0172	0.0172	0.0172	0.0172	0.0172	0.0172	0.0172	0.0172	0.0254	0.0172	0.0172	0.0172	0.0172	0.0172	0.0172	0.0172	0.0172	0.0172	0.0352	0.0387	0.0172
  I	0.0253	0.0253	0.0253	0.0253	0.0253	0.0253	0.038	0.0253	0	0.0275	0.0253	0.0737	0.0253	0.0253	0.0253	0.0254	0.0253	0.0253	0.0253	0.0425	0.0254	0.0712	0.0253	0.0634	0.0253	0.0253	0.0253	0.0253	0.0253	0.241	0.0254	0.0253	0.0253	0.0254	0.0253	0.0835	0.0253	0.0253	0.0253	0.0324	0.0253	0.0253	0.0253	0.0253	0.0253	0.0253	0.0253	0.1606	0.0253	0.033	0.0254	0.0253
  J	0.0161	0.0161	0.0161	0.0161	0.0161	0.0161	0.0161	0.0161	0.0174	0	0.0161	0.0161	0.0161	0.0161	0.0161	0.0161	0.0161	0.0161	0.0161	0.0161	0.0161	0.0161	0.0161	0.0161	0.0161	0.0161	0.0161	0.0161	0.0161	0.0196	0.0161	0.0161	0.0161	0.0161	0.0161	0.0161	0.0161	0.0161	0.0161	0.0161	0.0161	0.0161	0.0161	0.0161	0.0161	0.0161	0.0161	0.0161	0.0161	0.0437	0.0161	0.0161
  K	0.0227	0.0227	0.0227	0.0227	0.0227	0.0227	0.0227	0.0227	0.0226	0.0227	0	0.0227	0.0227	0.0227	0.0227	0.0227	0.0227	0.0227	0.0227	0.0227	0.0227	0.0227	0.0227	0.0227	0.0227	0.0227	0.0226	0.0227	0.0227	0.0227	0.0227	0.0227	0.0227	0.0227	0.0226	0.0227	0.0227	0.0227	0.0227	0.0227	0.0227	0.0227	0.0227	0.0227	0.0227	0.0226	0.0227	0.0227	0.0227	0.0325	0.0227	0.0227
  L	0.0166	0.0166	0.0166	0.0166	0.0166	0.0166	0.0248	0.0166	0.0481	0.0166	0.0166	0	0.0166	0.0166	0.0166	0.0166	0.0166	0.0249	0.0166	0.0229	0.0166	0.0249	0.0166	0.0249	0.0166	0.0166	0.0166	0.0166	0.0166	0.0179	0.0166	0.0166	0.0166	0.0166	0.0166	0.0248	0.0166	0.0166	0.0166	0.0166	0.0166	0.0166	0.0166	0.0166	0.0166	0.0166	0.0166	0.0166	0.0166	0.0401	0.0166	0.0166
  M	0.0227	0.0227	0.0227	0.0227	0.0227	0.0227	0.0227	0.0227	0.0226	0.0227	0.0227	0.0227	0	0.0227	0.0227	0.0227	0.0227	0.0227	0.0227	0.0227	0.0227	0.0227	0.0227	0.0227	0.0227	0.0227	0.0227	0.0227	0.0227	0.0227	0.0227	0.0227	0.0227	0.0227	0.0227	0.0227	0.0227	0.0227	0.0227	0.0227	0.0227	0.0227	0.0227	0.0227	0.0227	0.0227	0.0227	0.0227	0.0227	0.0324	0.0227	0.0227
  N	0.0109	0.0109	0.0109	0.0109	0.0109	0.0109	0.0109	0.0109	0.0108	0.0109	0.0109	0.0109	0.0109	0	0.0249	0.0109	0.0109	0.0109	0.0109	0.0109	0.0109	0.0109	0.0109	0.0109	0.0109	0.0109	0.0109	0.0109	0.0109	0.0109	0.0127	0.0109	0.0109	0.0109	0.0109	0.0109	0.0109	0.0109	0.0109	0.0109	0.0109	0.0109	0.0109	0.0109	0.0109	0.0109	0.0109	0.0109	0.0109	0.0513	0.0163	0.0109
  O	0.0148	0.0148	0.0148	0.0222	0.0148	0.0148	0.0148	0.0148	0.0148	0.0148	0.0148	0.0148	0.0148	0.0338	0	0.0148	0.0148	0.0148	0.0148	0.0148	0.0294	0.0148	0.0148	0.0148	0.0148	0.0148	0.0148	0.0148	0.0148	0.0148	0.0148	0.0148	0.0148	0.0148	0.0148	0.0148	0.0148	0.0148	0.0148	0.0148	0.0148	0.0148	0.0148	0.0148	0.0148	0.0148	0.0148	0.0148	0.0148	0.048	0.0222	0.0148
  P	0.0117	0.0117	0.0117	0.0117	0.0117	0.0117	0.0117	0.0117	0.0117	0.0117	0.0117	0.0117	0.0117	0.0117	0.0117	0	0.0117	0.0117	0.0117	0.0117	0.0133	0.0117	0.0117	0.0117	0.0117	0.0117	0.0117	0.0117	0.0117	0.0117	0.0117	0.0117	0.0117	0.0117	0.0117	0.0117	0.0117	0.0117	0.0117	0.0117	0.0117	0.0117	0.0117	0.0117	0.0117	0.0117	0.0117	0.0117	0.0117	0.0503	0.0117	0.0117
  Q	0.0227	0.0227	0.0227	0.0227	0.0227	0.0227	0.0227	0.0227	0.0226	0.0227	0.0227	0.0227	0.0227	0.0227	0.0227	0.0227	0	0.0227	0.0227	0.0227	0.0227	0.0227	0.0227	0.0227	0.0227	0.0227	0.0226	0.0227	0.0227	0.0227	0.0227	0.0227	0.0227	0.0227	0.0226	0.0227	0.0227	0.0227	0.0227	0.0227	0.0227	0.0227	0.0227	0.0227	0.0227	0.0226	0.0227	0.0227	0.0227	0.0325	0.0227	0.0227
  R	0.0233	0.0232	0.0232	0.0232	0.0232	0.0232	0.0232	0.0232	0.0231	0.0232	0.0232	0.0349	0.0232	0.0232	0.0232	0.0232	0.0232	0	0.0232	0.0233	0.0232	0.0232	0.0232	0.0232	0.0232	0.0232	0.0232	0.0232	0.0232	0.0232	0.0232	0.0232	0.0232	0.0232	0.0232	0.0232	0.0232	0.0232	0.0232	0.0233	0.0232	0.0232	0.0233	0.0232	0.0232	0.0232	0.0232	0.0232	0.0232	0.0332	0.0233	0.0232
  S	0.0195	0.0195	0.0195	0.0195	0.0195	0.0195	0.0195	0.0195	0.0195	0.0195	0.0195	0.0195	0.0195	0.0195	0.0195	0.0195	0.0195	0.0195	0	0.0195	0.0195	0.0195	0.0195	0.0195	0.0195	0.0195	0.0195	0.0195	0.0195	0.0195	0.0195	0.0195	0.0195	0.0195	0.0195	0.0195	0.0195	0.0195	0.0196	0.0195	0.0195	0.0195	0.0195	0.0195	0.0195	0.0195	0.0195	0.0195	0.0195	0.0374	0.0197	0.0195
  T	0.0102	0.0102	0.0102	0.0102	0.0102	0.0102	0.0102	0.0153	0.0171	0.0102	0.0102	0.0141	0.0102	0.0102	0.0102	0.0102	0.0102	0.0102	0.0102	0	0.0173	0.0102	0.0102	0.0102	0.0102	0.0102	0.0102	0.0102	0.0102	0.0104	0.0102	0.0102	0.0102	0.0102	0.0153	0.0102	0.0102	0.0102	0.0102	0.0102	0.0102	0.0102	0.0102	0.0102	0.0102	0.0102	0.0102	0.0102	0.0123	0.0627	0.0107	0.0102
  U	0.006	0.006	0.006	0.0213	0.006	0.006	0.006	0.006	0.006	0.006	0.006	0.006	0.006	0.006	0.0119	0.0068	0.006	0.006	0.006	0.0101	0	0.006	0.006	0.006	0.006	0.0076	0.0062	0.006	0.006	0.0062	0.009	0.006	0.006	0.0102	0.006	0.006	0.006	0.006	0.006	0.006	0.0067	0.006	0.006	0.006	0.006	0.0075	0.006	0.006	0.0063	0.0685	0.0169	0.006
  V	0.0269	0.0269	0.0269	0.0269	0.0269	0.0269	0.0269	0.0269	0.0752	0.0269	0.0269	0.0403	0.0269	0.0268	0.0269	0.0269	0.0269	0.0268	0.0269	0.0269	0.0269	0	0.0269	0.0269	0.0269	0.0269	0.0268	0.0269	0.0269	0.0269	0.0269	0.0269	0.0269	0.0268	0.0268	0.0328	0.0269	0.0269	0.0269	0.0269	0.0269	0.0269	0.0269	0.0269	0.0269	0.0268	0.0269	0.0298	0.0269	0.0254	0.0269	0.0269
  W	0.0175	0.0175	0.0175	0.0175	0.0175	0.0175	0.0175	0.0175	0.0174	0.0175	0.0175	0.0175	0.0175	0.0175	0.0175	0.0175	0.0175	0.0175	0.0175	0.0175	0.0175	0.0175	0	0.0175	0.0175	0.0175	0.0175	0.0175	0.0175	0.0175	0.0175	0.0175	0.0175	0.0205	0.0175	0.0175	0.0175	0.0175	0.0175	0.0175	0.0175	0.0175	0.0175	0.0175	0.0175	0.0175	0.0175	0.0175	0.0175	0.0398	0.0266	0.0175
  X	0.0284	0.0284	0.0284	0.0284	0.0284	0.0284	0.0285	0.0284	0.0709	0.0284	0.0284	0.0425	0.0284	0.0283	0.0284	0.0284	0.0284	0.0284	0.0284	0.0284	0.0284	0.0284	0.0284	0	0.0284	0.0284	0.0283	0.0284	0.0284	0.0709	0.0284	0.0284	0.0284	0.0284	0.0283	0.0285	0.0284	0.0284	0.0284	0.0284	0.0284	0.0284	0.0284	0.0284	0.0284	0.0283	0.0284	0.0284	0.0284	0.0268	0.0284	0.0284
  Y	0.025	0.025	0.025	0.025	0.025	0.025	0.025	0.025	0.0249	0.025	0.025	0.025	0.025	0.025	0.025	0.025	0.025	0.025	0.025	0.025	0.0251	0.025	0.025	0.025	0	0.025	0.0342	0.025	0.025	0.025	0.025	0.025	0.025	0.025	0.0249	0.025	0.025	0.025	0.0295	0.025	0.025	0.025	0.025	0.0347	0.025	0.0249	0.0376	0.025	0.025	0.0313	0.025	0.025
  Z	0.0175	0.0175	0.0175	0.0175	0.0175	0.0175	0.0175	0.0175	0.0174	0.0175	0.0175	0.0175	0.0175	0.0175	0.0175	0.0175	0.0175	0.0175	0.0175	0.0175	0.0221	0.0175	0.0175	0.0175	0.0175	0	0.0175	0.0175	0.0175	0.0175	0.0175	0.0175	0.0175	0.0204	0.0175	0.0175	0.0175	0.0175	0.0175	0.0175	0.0175	0.0175	0.0175	0.0175	0.0175	0.0175	0.0218	0.0175	0.0175	0.0421	0.0175	0.0175
  [	0.0028	0.0028	0.0028	0.0028	0.0028	0.0029	0.0028	0.0028	0.0028	0.0028	0.0028	0.0028	0.0028	0.0028	0.0028	0.0028	0.0028	0.0028	0.0028	0.0028	0.0029	0.0028	0.0028	0.0028	0.0038	0.0028	0	0.0028	0.0028	0.0028	0.0028	0.0028	0.0028	0.0029	0.0038	0.0028	0.0028	0.0028	0.0033	0.0038	0.0028	0.0028	0.0028	0.003	0.0028	0.0028	0.0028	0.0028	0.0028	0.1338	0.0052	0.0028
  \	0.0227	0.0227	0.0227	0.0227	0.0227	0.0227	0.0227	0.0227	0.0226	0.0227	0.0227	0.0227	0.0227	0.0227	0.0227	0.0227	0.0227	0.0227	0.0227	0.0227	0.0227	0.0227	0.0227	0.0227	0.0227	0.0227	0.0226	0	0.0227	0.0227	0.0227	0.0227	0.0227	0.0227	0.0226	0.0227	0.0227	0.0227	0.0227	0.0227	0.0227	0.0227	0.0227	0.0227	0.0227	0.0227	0.0227	0.0227	0.0227	0.0324	0.0228	0.0227
  ]	0.0254	0.0254	0.0254	0.0254	0.0254	0.0254	0.0254	0.0254	0.0252	0.0254	0.0254	0.0253	0.0254	0.0253	0.0253	0.0254	0.0254	0.0253	0.0254	0.0254	0.0253	0.0254	0.0254	0.0254	0.0254	0.0254	0.0253	0.0254	0	0.034	0.0254	0.0254	0.0254	0.0253	0.0253	0.0253	0.0254	0.0254	0.0254	0.0254	0.0254	0.0254	0.0273	0.0254	0.0254	0.0253	0.0254	0.0253	0.0254	0.0291	0.0254	0.0254
  ^	0.0165	0.0165	0.0165	0.0165	0.0165	0.0165	0.0165	0.0165	0.1568	0.0202	0.0165	0.0179	0.0165	0.0165	0.0165	0.0165	0.0165	0.0165	0.0165	0.0168	0.0172	0.0165	0.0165	0.0413	0.0165	0.0165	0.0165	0.0165	0.0222	0	0.0165	0.0165	0.0165	0.0165	0.0165	0.0271	0.0165	0.0165	0.0165	0.0165	0.0165	0.0165	0.018	0.0165	0.0165	0.0165	0.0165	0.0196	0.0168	0.0407	0.0166	0.0165
  _	0.0114	0.0114	0.0114	0.0114	0.0114	0.0114	0.0114	0.0114	0.0113	0.0114	0.0114	0.0114	0.0114	0.0133	0.0114	0.0114	0.0114	0.0113	0.0114	0.0114	0.017	0.0114	0.0114	0.0114	0.0114	0.0114	0.0114	0.0114	0.0114	0.0114	0	0.0114	0.0114	0.0114	0.0113	0.0114	0.0114	0.0114	0.0114	0.0114	0.0114	0.0114	0.0114	0.0114	0.0114	0.0113	0.0114	0.0113	0.0114	0.0551	0.0164	0.0114
  `	0.0172	0.0172	0.0172	0.0172	0.0172	0.0172	0.0172	0.0172	0.0171	0.0172	0.0172	0.0172	0.0172	0.0172	0.0172	0.0172	0.0172	0.0172	0.0172	0.0172	0.0172	0.0172	0.0172	0.0172	0.0172	0.0172	0.0171	0.0172	0.0172	0.0172	0.0172	0	0.0172	0.0172	0.0171	0.0172	0.0172	0.0172	0.0172	0.0172	0.0172	0.0172	0.0172	0.0172	0.0172	0.0171	0.0172	0.0172	0.0172	0.0414	0.0172	0.0172
  a	0.0172	0.0172	0.0172	0.0172	0.0172	0.0172	0.0172	0.0172	0.0171	0.0172	0.0172	0.0172	0.0172	0.0172	0.0172	0.0172	0.0172	0.0172	0.0172	0.0172	0.0172	0.0172	0.0172	0.0172	0.0172	0.0172	0.0173	0.0172	0.0172	0.0172	0.0172	0.0172	0	0.0172	0.0172	0.0172	0.0172	0.0172	0.0172	0.0172	0.0172	0.0172	0.0172	0.0172	0.0172	0.0172	0.0172	0.0172	0.0172	0.0414	0.0172	0.0172
  b	0.0058	0.0058	0.0058	0.0058	0.0058	0.0058	0.0058	0.0058	0.0058	0.0058	0.0058	0.0058	0.0058	0.0058	0.0058	0.0058	0.0058	0.0058	0.0058	0.0058	0.0099	0.0058	0.0068	0.0058	0.0058	0.0068	0.006	0.0058	0.0058	0.0058	0.0058	0.0058	0.0058	0	0.0058	0.0058	0.0058	0.0058	0.0058	0.0058	0.0058	0.0058	0.0058	0.0058	0.0058	0.0058	0.011	0.0058	0.0058	0.0768	0.01	0.0058
  c	0.0055	0.0055	0.0056	0.0055	0.0055	0.0055	0.0055	0.0055	0.0055	0.0055	0.0055	0.0055	0.0055	0.0055	0.0055	0.0055	0.0055	0.0055	0.0055	0.0083	0.0055	0.0055	0.0055	0.0055	0.0055	0.0055	0.0075	0.0055	0.0055	0.0055	0.0055	0.0055	0.0055	0.0055	0	0.0055	0.0055	0.0055	0.0055	0.0055	0.0055	0.0055	0.0055	0.0055	0.0055	0.0055	0.0055	0.0055	0.0055	0.0804	0.0063	0.0055
  d	0.0211	0.0211	0.0211	0.0211	0.0211	0.0211	0.0212	0.0211	0.0693	0.0211	0.0211	0.0315	0.0211	0.0211	0.0211	0.0211	0.0211	0.0211	0.0211	0.0211	0.0211	0.0258	0.0211	0.0212	0.0211	0.0211	0.021	0.0211	0.0211	0.0346	0.0211	0.0211	0.0211	0.0211	0.021	0	0.0316	0.0211	0.0211	0.0211	0.0211	0.0211	0.0269	0.0211	0.0211	0.021	0.0211	0.0211	0.0211	0.0368	0.0211	0.0211
  e	0.0277	0.0277	0.0277	0.0277	0.0277	0.0277	0.0277	0.0277	0.0276	0.0277	0.0277	0.0277	0.0277	0.0277	0.0277	0.0277	0.0277	0.0277	0.0277	0.0277	0.0277	0.0277	0.0277	0.0277	0.0277	0.0277	0.0276	0.0277	0.0277	0.0277	0.0277	0.0277	0.0277	0.0277	0.0276	0.0416	0	0.0277	0.0277	0.0277	0.0277	0.0277	0.0277	0.0277	0.0277	0.0276	0.0277	0.0277	0.0277	0.0262	0.0277	0.0277
  f	0.0227	0.0227	0.0227	0.0227	0.0227	0.0227	0.0227	0.0227	0.0226	0.0227	0.0227	0.0227	0.0227	0.0227	0.0227	0.0227	0.0227	0.0227	0.0227	0.0227	0.0227	0.0227	0.0227	0.0227	0.0227	0.0227	0.0226	0.0227	0.0227	0.0227	0.0227	0.0227	0.0227	0.0227	0.0226	0.0227	0.0227	0	0.0227	0.0227	0.0227	0.0227	0.0227	0.0227	0.0227	0.0226	0.0227	0.0227	0.0227	0.0325	0.0227	0.0227
  g	0.0215	0.0215	0.0215	0.0216	0.0215	0.0215	0.0215	0.0215	0.0214	0.0215	0.0215	0.0215	0.0215	0.0215	0.0215	0.0215	0.0215	0.0215	0.0216	0.0215	0.0216	0.0215	0.0215	0.0215	0.0254	0.0215	0.0254	0.0215	0.0216	0.0215	0.0215	0.0215	0.0215	0.0215	0.0215	0.0215	0.0215	0.0215	0	0.0215	0.0216	0.0215	0.0216	0.0253	0.0216	0.0215	0.0215	0.0215	0.0215	0.0347	0.0216	0.0215
  h	0.01	0.01	0.01	0.01	0.01	0.01	0.01	0.0148	0.0128	0.01	0.01	0.01	0.01	0.01	0.01	0.01	0.01	0.01	0.01	0.01	0.01	0.01	0.01	0.01	0.01	0.01	0.0139	0.01	0.01	0.01	0.01	0.01	0.01	0.01	0.01	0.01	0.01	0.01	0.01	0	0.01	0.01	0.01	0.01	0.01	0.01	0.01	0.01	0.01	0.0598	0.0103	0.01
  i	0.0246	0.0246	0.0246	0.0246	0.0369	0.0246	0.0245	0.0246	0.0244	0.0245	0.0246	0.0245	0.0246	0.0245	0.0245	0.0245	0.0246	0.0245	0.0246	0.0246	0.0274	0.0246	0.0245	0.0246	0.0246	0.0245	0.0245	0.0246	0.0246	0.0245	0.0245	0.0246	0.0246	0.0245	0.0245	0.0245	0.0246	0.0246	0.0246	0.0245	0	0.0246	0.0246	0.0246	0.0246	0.0266	0.0245	0.0245	0.0258	0.03	0.0251	0.0245
  j	0.0227	0.0227	0.0227	0.0227	0.0227	0.0227	0.0227	0.0227	0.0226	0.0227	0.0227	0.0227	0.0227	0.0227	0.0227	0.0227	0.0227	0.0227	0.0227	0.0227	0.0227	0.0227	0.0227	0.0227	0.0227	0.0227	0.0226	0.0227	0.0227	0.0227	0.0227	0.0227	0.0227	0.0227	0.0226	0.0227	0.0227	0.0227	0.0227	0.0227	0.0227	0	0.0227	0.0227	0.0227	0.0226	0.0227	0.0227	0.0227	0.0325	0.0227	0.0227
  k	0.0163	0.0163	0.0163	0.0163	0.0163	0.0163	0.0163	0.0163	0.0162	0.0163	0.0163	0.0163	0.0163	0.0163	0.0163	0.0163	0.0163	0.0163	0.0163	0.0163	0.0163	0.0163	0.0163	0.0163	0.0163	0.0163	0.0163	0.0163	0.0175	0.0178	0.0163	0.0163	0.0163	0.0163	0.0163	0.0208	0.0163	0.0163	0.0163	0.0163	0.0163	0.0163	0	0.0163	0.0163	0.0163	0.0163	0.0163	0.0201	0.0429	0.0163	0.0163
  l	0.0223	0.0223	0.0223	0.0223	0.0223	0.0223	0.0223	0.0223	0.0222	0.0223	0.0223	0.0223	0.0223	0.0223	0.0223	0.0223	0.0223	0.0223	0.0223	0.0223	0.0224	0.0223	0.0223	0.0223	0.031	0.0223	0.0242	0.0223	0.0223	0.0223	0.0223	0.0223	0.0223	0.0223	0.0223	0.0223	0.0223	0.0223	0.0262	0.0223	0.0223	0.0223	0.0223	0	0.0223	0.0223	0.0223	0.0223	0.0223	0.0339	0.0224	0.0223
  m	0.0207	0.0207	0.0207	0.0207	0.0207	0.0207	0.0207	0.0207	0.0206	0.0207	0.0207	0.0207	0.0207	0.0206	0.0207	0.0207	0.0207	0.0207	0.0207	0.0207	0.0208	0.0207	0.0207	0.0207	0.0207	0.0207	0.0211	0.0207	0.0207	0.0207	0.0207	0.0207	0.0207	0.0206	0.0206	0.0207	0.0207	0.0207	0.0207	0.0207	0.0207	0.0207	0.0207	0.0207	0	0.0206	0.0207	0.0206	0.0207	0.0349	0.0253	0.0207
  n	0.01	0.0084	0.0084	0.0084	0.0084	0.0084	0.0084	0.0084	0.0084	0.0084	0.0084	0.0084	0.0084	0.0084	0.0084	0.0084	0.0084	0.0084	0.0084	0.0084	0.0106	0.0084	0.0084	0.0084	0.0084	0.0084	0.0084	0.0084	0.0084	0.0084	0.0084	0.0084	0.0084	0.0084	0.0084	0.0084	0.0084	0.0084	0.0084	0.0084	0.0091	0.0084	0.0084	0.0084	0.0084	0	0.0084	0.0084	0.0087	0.0597	0.0085	0.0084
  o	0.0156	0.0156	0.0156	0.0156	0.0156	0.0156	0.0156	0.0156	0.0156	0.0156	0.0156	0.0156	0.0156	0.0156	0.0156	0.0156	0.0156	0.0156	0.0156	0.0156	0.0156	0.0156	0.0156	0.0156	0.0234	0.0194	0.0156	0.0156	0.0156	0.0156	0.0156	0.0156	0.0156	0.0297	0.0156	0.0156	0.0156	0.0156	0.0156	0.0156	0.0156	0.0156	0.0156	0.0156	0.0156	0.0156	0	0.0156	0.0156	0.0451	0.016	0.0156
  p	0.026	0.026	0.026	0.026	0.026	0.026	0.026	0.026	0.1642	0.026	0.026	0.026	0.026	0.0259	0.026	0.026	0.026	0.0259	0.026	0.026	0.026	0.0289	0.026	0.026	0.026	0.026	0.0259	0.026	0.026	0.0309	0.026	0.026	0.026	0.026	0.0259	0.026	0.026	0.026	0.026	0.026	0.026	0.026	0.026	0.026	0.026	0.0259	0.026	0	0.026	0.0246	0.026	0.026
  q	0.0152	0.0152	0.0152	0.0152	0.0152	0.0152	0.0152	0.0152	0.0151	0.0152	0.0152	0.0152	0.0152	0.0152	0.0152	0.0152	0.0152	0.0152	0.0152	0.0183	0.0159	0.0152	0.0152	0.0152	0.0152	0.0152	0.0152	0.0152	0.0152	0.0154	0.0152	0.0152	0.0152	0.0152	0.0152	0.0152	0.0152	0.0152	0.0152	0.0152	0.016	0.0152	0.0188	0.0152	0.0152	0.0157	0.0152	0.0152	0	0.0458	0.0158	0.0152
  r	0.0357	0.0272	0.0183	0.0189	0.0122	0.018	0.0122	0.0264	0.0167	0.0351	0.0185	0.0312	0.0184	0.0608	0.0418	0.0556	0.0185	0.0184	0.0247	0.0792	0.1481	0.0122	0.0294	0.0122	0.0162	0.031	0.6242	0.0185	0.0148	0.0318	0.0627	0.0312	0.0311	0.1709	0.1876	0.0225	0.0122	0.0185	0.0208	0.0771	0.0158	0.0185	0.034	0.0196	0.0218	0.0916	0.0373	0.0122	0.039	0	0.2677	0.0249
  s	0.0043	0.0073	0.0043	0.0043	0.0043	0.0043	0.0043	0.0097	0.0043	0.0043	0.0043	0.0043	0.0043	0.0065	0.0065	0.0043	0.0043	0.0043	0.0044	0.0045	0.0123	0.0043	0.0066	0.0043	0.0043	0.0043	0.0082	0.0043	0.0043	0.0043	0.0062	0.0043	0.0043	0.0074	0.0049	0.0043	0.0043	0.0043	0.0043	0.0044	0.0044	0.0043	0.0043	0.0043	0.0053	0.0044	0.0044	0.0043	0.0045	0.0897	0	0.0065
  t	0.0184	0.0184	0.0184	0.0184	0.0184	0.0184	0.0184	0.0184	0.0183	0.0184	0.0184	0.0184	0.0184	0.0184	0.0184	0.0184	0.0184	0.0184	0.0184	0.0184	0.0184	0.0184	0.0184	0.0184	0.0184	0.0184	0.0184	0.0184	0.0184	0.0184	0.0184	0.0184	0.0184	0.0184	0.0184	0.0184	0.0184	0.0184	0.0184	0.0184	0.0184	0.0184	0.0184	0.0184	0.0184	0.0184	0.0184	0.0184	0.0184	0.0354	0.0276	0

