Character to attribute mapping:
  X: ?
  A: Algeria
  B: Australia
  C: Belarus
  D: Burkina_Faso
  E: Canada
  F: Chad
  G: China
  H: Djibouti
  I: Germany
  J: Greece
  K: India
  L: Mali
  M: Morocco
  N: Netherlands
  O: New_Zealand
  P: Niger
  Q: Pakistan
  R: Philippines
  S: Russia
  T: South_Africa
  U: Turkey
  V: United_Kingdom
  W: United_States


Substitution rate (mu): 30.429757

Equilibrium frequencies (pi_i):
  A: 0.0431
  B: 0.0425
  C: 0.0433
  D: 0.043
  E: 0.0429
  F: 0.0435
  G: 0.0502
  H: 0.0427
  I: 0.045
  J: 0.0426
  K: 0.0429
  L: 0.0427
  M: 0.0426
  N: 0.0433
  O: 0.043
  P: 0.0451
  Q: 0.0425
  R: 0.0422
  S: 0.0432
  T: 0.045
  U: 0.0431
  V: 0.0424
  W: 0.0432

Symmetrized rates from j->i (W_ij):
	A	B	C	D	E	F	G	H	I	J	K	L	M	N	O	P	Q	R	S	T	U	V	W
  A	0	1.4616	1.0036	1.0629	1.3437	1.0039	1.0505	1.0165	1.239	1.5092	1.4162	1.5587	1.6136	1.1278	1.4326	1.3129	1.3652	1.4374	1.0037	1.1871	1.0152	1.06	1.2154
  B	1.4616	0	0.9917	0.9916	0.9937	0.9914	1.0211	0.9964	1.0128	0.9921	1.1652	0.9945	0.9931	0.9924	0.9928	1.0018	0.9955	0.9949	0.9917	1.3072	0.9977	1.0017	0.9921
  C	1.0036	0.9917	0	0.9869	0.9884	0.9867	1.0174	0.9919	1.01	0.9869	0.9915	0.9893	0.9878	0.9874	0.9876	0.9966	0.9903	0.9896	1.4119	0.9856	1.2761	0.9972	0.9872
  D	1.0629	0.9916	0.9869	0	0.9911	0.9865	1.0162	0.9927	1.0092	0.9869	0.9915	0.9893	0.9878	0.9882	0.9876	1.3732	0.9926	1.0813	0.9869	0.9855	0.9933	0.9976	0.9871
  E	1.3437	0.9937	0.9884	0.9911	0	0.9881	1.0218	0.9957	1.0744	0.9888	0.9935	0.9912	0.9898	1.4529	0.9895	1.0313	1.1178	1.0375	0.9885	0.9873	0.9963	1.0122	0.9888
  F	1.0039	0.9914	0.9867	0.9865	0.9881	0	1.0155	0.9914	1.0067	0.9866	0.9912	0.989	0.9875	0.9871	1.4828	0.9959	0.9899	0.9893	0.9867	0.9852	0.9928	0.9964	0.9874
  G	1.0505	1.0211	1.0174	1.0162	1.0218	1.0155	0	1.054	1.3373	1.0155	1.0212	1.0185	1.0166	1.0176	1.0165	1.0932	1.0343	1.0209	1.0183	1.0152	1.1504	1.1189	1.016
  H	1.0165	0.9964	0.9919	0.9927	0.9957	0.9914	1.054	0	1.0817	0.9917	0.9963	0.9941	0.9926	0.9929	0.9925	1.481	1.0029	0.9964	0.9921	0.9905	1.0096	1.0501	0.992
  I	1.239	1.0128	1.01	1.0092	1.0744	1.0067	1.3373	1.0817	0	1.0078	1.0128	1.0105	1.0089	1.0271	1.0085	1.1603	1.2198	1.0365	1.0119	1.0067	1.2652	1.2704	1.0077
  J	1.5092	0.9921	0.9869	0.9869	0.9888	0.9866	1.0155	0.9917	1.0078	0	0.9919	0.9897	1.043	0.9876	1.0012	0.9966	0.9908	0.99	0.987	0.9858	0.993	0.9971	0.9935
  K	1.4162	1.1652	0.9915	0.9915	0.9935	0.9912	1.0212	0.9963	1.0128	0.9919	0	0.9943	0.9929	0.9922	0.9926	1.0016	0.9953	0.9947	0.9916	1.0363	0.9976	1.0016	0.992
  L	1.5587	0.9945	0.9893	0.9893	0.9912	0.989	1.0185	0.9941	1.0105	0.9897	0.9943	0	0.9907	0.99	0.9904	0.9992	0.9932	0.9924	0.9893	0.9883	0.9954	0.9995	0.9897
  M	1.6136	0.9931	0.9878	0.9878	0.9898	0.9875	1.0166	0.9926	1.0089	1.043	0.9929	0.9907	0	0.9885	1.0035	0.9977	0.9918	0.991	0.9878	0.9868	0.9939	0.998	0.9949
  N	1.1278	0.9924	0.9874	0.9882	1.4529	0.9871	1.0176	0.9929	1.0271	0.9876	0.9922	0.99	0.9885	0	0.9883	1.0088	1.0319	1.007	0.9875	0.9861	0.9941	1.0011	0.9877
  O	1.4326	0.9928	0.9876	0.9876	0.9895	1.4828	1.0165	0.9925	1.0085	1.0012	0.9926	0.9904	1.0035	0.9883	0	0.9974	0.9914	0.9907	0.9877	0.9865	0.9938	0.9977	1.4532
  P	1.3129	1.0018	0.9966	1.3732	1.0313	0.9959	1.0932	1.481	1.1603	0.9966	1.0016	0.9992	0.9977	1.0088	0.9974	0	1.0437	1.4001	0.9968	0.9953	1.0261	1.1057	0.9967
  Q	1.3652	0.9955	0.9903	0.9926	1.1178	0.9899	1.0343	1.0029	1.2198	0.9908	0.9953	0.9932	0.9918	1.0319	0.9914	1.0437	0	1.0386	0.9904	0.9892	1.0022	1.0472	0.9907
  R	1.4374	0.9949	0.9896	1.0813	1.0375	0.9893	1.0209	0.9964	1.0365	0.99	0.9947	0.9924	0.991	1.007	0.9907	1.4001	1.0386	0	0.9897	0.9886	0.9967	1.0059	0.99
  S	1.0037	0.9917	1.4119	0.9869	0.9885	0.9867	1.0183	0.9921	1.0119	0.987	0.9916	0.9893	0.9878	0.9875	0.9877	0.9968	0.9904	0.9897	0	0.9857	1.3878	0.9975	0.9873
  T	1.1871	1.3072	0.9856	0.9855	0.9873	0.9852	1.0152	0.9905	1.0067	0.9858	1.0363	0.9883	0.9868	0.9861	0.9865	0.9953	0.9892	0.9886	0.9857	0	0.9919	0.9958	0.9859
  U	1.0152	0.9977	1.2761	0.9933	0.9963	0.9928	1.1504	1.0096	1.2652	0.993	0.9976	0.9954	0.9939	0.9941	0.9938	1.0261	1.0022	0.9967	1.3878	0.9919	0	1.0365	0.9933
  V	1.06	1.0017	0.9972	0.9976	1.0122	0.9964	1.1189	1.0501	1.2704	0.9971	1.0016	0.9995	0.998	1.0011	0.9977	1.1057	1.0472	1.0059	0.9975	0.9958	1.0365	0	0.9971
  W	1.2154	0.9921	0.9872	0.9871	0.9888	0.9874	1.016	0.992	1.0077	0.9935	0.992	0.9897	0.9949	0.9877	1.4532	0.9967	0.9907	0.99	0.9873	0.9859	0.9933	0.9971	0

Actual rates from j->i (Q_ij):
	A	B	C	D	E	F	G	H	I	J	K	L	M	N	O	P	Q	R	S	T	U	V	W
  A	0	0.0629	0.0432	0.0458	0.0579	0.0432	0.0452	0.0438	0.0534	0.065	0.061	0.0671	0.0695	0.0486	0.0617	0.0565	0.0588	0.0619	0.0432	0.0511	0.0437	0.0456	0.0523
  B	0.0621	0	0.0421	0.0421	0.0422	0.0421	0.0434	0.0424	0.043	0.0422	0.0495	0.0423	0.0422	0.0422	0.0422	0.0426	0.0423	0.0423	0.0422	0.0556	0.0424	0.0426	0.0422
  C	0.0434	0.0429	0	0.0427	0.0428	0.0427	0.044	0.0429	0.0437	0.0427	0.0429	0.0428	0.0428	0.0427	0.0427	0.0431	0.0429	0.0428	0.0611	0.0427	0.0552	0.0432	0.0427
  D	0.0457	0.0426	0.0424	0	0.0426	0.0424	0.0437	0.0427	0.0434	0.0424	0.0426	0.0425	0.0425	0.0425	0.0425	0.059	0.0427	0.0465	0.0424	0.0424	0.0427	0.0429	0.0424
  E	0.0576	0.0426	0.0424	0.0425	0	0.0424	0.0438	0.0427	0.0461	0.0424	0.0426	0.0425	0.0424	0.0623	0.0424	0.0442	0.0479	0.0445	0.0424	0.0423	0.0427	0.0434	0.0424
  F	0.0437	0.0431	0.0429	0.0429	0.043	0	0.0442	0.0431	0.0438	0.0429	0.0431	0.043	0.043	0.043	0.0645	0.0433	0.0431	0.0431	0.0429	0.0429	0.0432	0.0434	0.043
  G	0.0528	0.0513	0.0511	0.051	0.0513	0.051	0	0.0529	0.0672	0.051	0.0513	0.0511	0.051	0.0511	0.051	0.0549	0.0519	0.0513	0.0511	0.051	0.0578	0.0562	0.051
  H	0.0434	0.0426	0.0424	0.0424	0.0425	0.0424	0.045	0	0.0462	0.0424	0.0426	0.0425	0.0424	0.0424	0.0424	0.0633	0.0429	0.0426	0.0424	0.0423	0.0431	0.0449	0.0424
  I	0.0558	0.0456	0.0454	0.0454	0.0483	0.0453	0.0602	0.0487	0	0.0453	0.0456	0.0455	0.0454	0.0462	0.0454	0.0522	0.0549	0.0466	0.0455	0.0453	0.0569	0.0572	0.0453
  J	0.0643	0.0423	0.0421	0.0421	0.0422	0.0421	0.0433	0.0423	0.043	0	0.0423	0.0422	0.0445	0.0421	0.0427	0.0425	0.0422	0.0422	0.0421	0.042	0.0423	0.0425	0.0424
  K	0.0607	0.0499	0.0425	0.0425	0.0426	0.0425	0.0438	0.0427	0.0434	0.0425	0	0.0426	0.0426	0.0425	0.0425	0.0429	0.0427	0.0426	0.0425	0.0444	0.0428	0.0429	0.0425
  L	0.0666	0.0425	0.0423	0.0423	0.0424	0.0423	0.0435	0.0425	0.0432	0.0423	0.0425	0	0.0424	0.0423	0.0423	0.0427	0.0425	0.0424	0.0423	0.0422	0.0426	0.0427	0.0423
  M	0.0687	0.0423	0.0421	0.0421	0.0421	0.042	0.0433	0.0423	0.043	0.0444	0.0423	0.0422	0	0.0421	0.0427	0.0425	0.0422	0.0422	0.0421	0.042	0.0423	0.0425	0.0424
  N	0.0489	0.043	0.0428	0.0428	0.063	0.0428	0.0441	0.043	0.0445	0.0428	0.043	0.0429	0.0428	0	0.0428	0.0437	0.0447	0.0436	0.0428	0.0427	0.0431	0.0434	0.0428
  O	0.0615	0.0427	0.0424	0.0424	0.0425	0.0637	0.0437	0.0426	0.0433	0.043	0.0426	0.0425	0.0431	0.0425	0	0.0428	0.0426	0.0426	0.0424	0.0424	0.0427	0.0429	0.0624
  P	0.0592	0.0452	0.045	0.062	0.0465	0.0449	0.0493	0.0668	0.0524	0.045	0.0452	0.0451	0.045	0.0455	0.045	0	0.0471	0.0632	0.045	0.0449	0.0463	0.0499	0.045
  Q	0.058	0.0423	0.0421	0.0422	0.0475	0.0421	0.0439	0.0426	0.0518	0.0421	0.0423	0.0422	0.0421	0.0438	0.0421	0.0443	0	0.0441	0.0421	0.042	0.0426	0.0445	0.0421
  R	0.0607	0.042	0.0418	0.0457	0.0438	0.0418	0.0431	0.0421	0.0438	0.0418	0.042	0.0419	0.0419	0.0425	0.0418	0.0591	0.0439	0	0.0418	0.0418	0.0421	0.0425	0.0418
  S	0.0434	0.0428	0.061	0.0426	0.0427	0.0426	0.044	0.0429	0.0437	0.0426	0.0428	0.0427	0.0427	0.0427	0.0427	0.0431	0.0428	0.0428	0	0.0426	0.06	0.0431	0.0427
  T	0.0534	0.0588	0.0444	0.0443	0.0444	0.0443	0.0457	0.0446	0.0453	0.0444	0.0466	0.0445	0.0444	0.0444	0.0444	0.0448	0.0445	0.0445	0.0444	0	0.0446	0.0448	0.0444
  U	0.0437	0.043	0.0549	0.0428	0.0429	0.0427	0.0495	0.0435	0.0545	0.0428	0.043	0.0429	0.0428	0.0428	0.0428	0.0442	0.0432	0.0429	0.0598	0.0427	0	0.0446	0.0428
  V	0.045	0.0425	0.0423	0.0423	0.0429	0.0423	0.0475	0.0445	0.0539	0.0423	0.0425	0.0424	0.0423	0.0425	0.0423	0.0469	0.0444	0.0427	0.0423	0.0422	0.044	0	0.0423
  W	0.0525	0.0428	0.0426	0.0426	0.0427	0.0426	0.0439	0.0428	0.0435	0.0429	0.0428	0.0427	0.043	0.0427	0.0628	0.043	0.0428	0.0428	0.0426	0.0426	0.0429	0.0431	0

