Character to attribute mapping:
  R: ?
  A: Algeria
  B: Bangladesh
  C: Brazil
  D: Burkina_Faso
  E: Chad
  F: China
  G: Democratic_Republic_of_the_Congo
  H: Finland
  I: Ghana
  J: Guinea
  K: Mali
  L: Niger
  M: Russia
  N: South_Africa
  O: Turkey
  P: United_Kingdom
  Q: United_States


Substitution rate (mu): 21.061503

Equilibrium frequencies (pi_i):
  A: 0.0585
  B: 0.0588
  C: 0.0587
  D: 0.058
  E: 0.0662
  F: 0.0586
  G: 0.0583
  H: 0.0591
  I: 0.065
  J: 0.0578
  K: 0.0582
  L: 0.045
  M: 0.0581
  N: 0.0571
  O: 0.0606
  P: 0.0623
  Q: 0.0596

Symmetrized rates from j->i (W_ij):
	A	B	C	D	E	F	G	H	I	J	K	L	M	N	O	P	Q
  A	0	0.9656	0.9398	0.9764	0.9429	0.9382	0.9406	0.9399	0.9339	0.9412	0.9445	1.4474	0.9396	0.9423	0.9399	0.9401	0.9482
  B	0.9656	0	0.9379	1.2604	1.0689	1.1438	0.9391	0.938	0.9331	0.9396	0.9429	1.6932	0.9376	0.943	0.938	1.4073	0.949
  C	0.9398	0.9379	0	0.9737	0.9414	1.3223	0.9404	1.2521	0.9337	0.9411	0.9443	0.972	0.9396	0.9421	0.9398	0.9399	0.948
  D	0.9764	1.2604	0.9737	0	1.1647	1.005	0.9747	0.974	2.4526	1.422	0.9792	2.325	0.9731	1.2549	0.9748	0.9767	1.111
  E	0.9429	1.0689	0.9414	1.1647	0	1.0794	1.2096	0.9413	0.9359	0.9429	1.1699	2.8335	0.9408	0.9451	0.951	1.5362	0.9849
  F	0.9382	1.1438	1.3223	1.005	1.0794	0	0.9542	1.2154	0.932	0.9386	0.9733	1.8142	1.4052	0.9402	0.9373	0.9429	2.184
  G	0.9406	0.9391	0.9404	0.9747	1.2096	0.9542	0	0.9405	0.9346	0.9418	0.9736	1.0996	0.9401	0.9429	0.9816	1.3224	0.9485
  H	0.9399	0.938	1.2521	0.974	0.9413	1.2154	0.9405	0	0.9338	0.9412	0.9444	0.9719	0.9397	0.9423	0.9399	0.94	0.948
  I	0.9339	0.9331	0.9337	2.4526	0.9359	0.932	0.9346	0.9338	0	0.9365	0.9389	1.4657	0.9335	1.4087	0.9337	0.9336	0.9497
  J	0.9412	0.9396	0.9411	1.422	0.9429	0.9386	0.9418	0.9412	0.9365	0	0.9455	0.9859	0.9409	1.2365	0.9413	0.9414	0.9493
  K	0.9445	0.9429	0.9443	0.9792	1.1699	0.9733	0.9736	0.9444	0.9389	0.9455	0	1.2225	0.9439	0.9467	0.945	0.9545	0.9529
  L	1.4474	1.6932	0.972	2.325	2.8335	1.8142	1.0996	0.9719	1.4657	0.9859	1.2225	0	0.9707	1.4891	0.9759	1.0205	1.6702
  M	0.9396	0.9376	0.9396	0.9731	0.9408	1.4052	0.9401	0.9397	0.9335	0.9409	0.9439	0.9707	0	0.9419	0.9396	0.9396	0.9476
  N	0.9423	0.943	0.9421	1.2549	0.9451	0.9402	0.9429	0.9423	1.4087	1.2365	0.9467	1.4891	0.9419	0	0.9423	0.9425	0.9547
  O	0.9399	0.938	0.9398	0.9748	0.951	0.9373	0.9816	0.9399	0.9337	0.9413	0.945	0.9759	0.9396	0.9423	0	1.3779	0.9475
  P	0.9401	1.4073	0.9399	0.9767	1.5362	0.9429	1.3224	0.94	0.9336	0.9414	0.9545	1.0205	0.9396	0.9425	1.3779	0	0.9484
  Q	0.9482	0.949	0.948	1.111	0.9849	2.184	0.9485	0.948	0.9497	0.9493	0.9529	1.6702	0.9476	0.9547	0.9475	0.9484	0

Actual rates from j->i (Q_ij):
	A	B	C	D	E	F	G	H	I	J	K	L	M	N	O	P	Q
  A	0	0.0565	0.055	0.0571	0.0551	0.0549	0.055	0.055	0.0546	0.055	0.0552	0.0847	0.0549	0.0551	0.055	0.055	0.0555
  B	0.0568	0	0.0551	0.0741	0.0628	0.0672	0.0552	0.0551	0.0548	0.0552	0.0554	0.0995	0.0551	0.0554	0.0551	0.0827	0.0558
  C	0.0551	0.055	0	0.0571	0.0552	0.0776	0.0552	0.0735	0.0548	0.0552	0.0554	0.057	0.0551	0.0553	0.0551	0.0551	0.0556
  D	0.0566	0.0731	0.0565	0	0.0676	0.0583	0.0565	0.0565	0.1423	0.0825	0.0568	0.1349	0.0564	0.0728	0.0565	0.0567	0.0644
  E	0.0625	0.0708	0.0624	0.0771	0	0.0715	0.0801	0.0623	0.062	0.0625	0.0775	0.1877	0.0623	0.0626	0.063	0.1017	0.0652
  F	0.055	0.0671	0.0775	0.0589	0.0633	0	0.056	0.0713	0.0547	0.055	0.0571	0.1064	0.0824	0.0551	0.055	0.0553	0.1281
  G	0.0548	0.0548	0.0548	0.0568	0.0705	0.0556	0	0.0548	0.0545	0.0549	0.0568	0.0641	0.0548	0.055	0.0572	0.0771	0.0553
  H	0.0556	0.0554	0.074	0.0576	0.0556	0.0718	0.0556	0	0.0552	0.0556	0.0558	0.0575	0.0555	0.0557	0.0556	0.0556	0.056
  I	0.0607	0.0607	0.0607	0.1594	0.0608	0.0606	0.0608	0.0607	0	0.0609	0.061	0.0953	0.0607	0.0916	0.0607	0.0607	0.0617
  J	0.0544	0.0543	0.0544	0.0822	0.0545	0.0542	0.0544	0.0544	0.0541	0	0.0546	0.057	0.0544	0.0714	0.0544	0.0544	0.0549
  K	0.055	0.0549	0.055	0.057	0.0681	0.0567	0.0567	0.055	0.0547	0.0551	0	0.0712	0.055	0.0551	0.055	0.0556	0.0555
  L	0.0651	0.0761	0.0437	0.1046	0.1274	0.0816	0.0494	0.0437	0.0659	0.0443	0.055	0	0.0437	0.067	0.0439	0.0459	0.0751
  M	0.0546	0.0545	0.0546	0.0565	0.0547	0.0816	0.0546	0.0546	0.0542	0.0547	0.0548	0.0564	0	0.0547	0.0546	0.0546	0.0551
  N	0.0538	0.0539	0.0538	0.0717	0.054	0.0537	0.0539	0.0538	0.0805	0.0707	0.0541	0.0851	0.0538	0	0.0538	0.0539	0.0546
  O	0.0569	0.0568	0.0569	0.059	0.0576	0.0568	0.0594	0.0569	0.0565	0.057	0.0572	0.0591	0.0569	0.0571	0	0.0835	0.0574
  P	0.0586	0.0877	0.0586	0.0609	0.0958	0.0588	0.0824	0.0586	0.0582	0.0587	0.0595	0.0636	0.0586	0.0588	0.0859	0	0.0591
  Q	0.0565	0.0566	0.0565	0.0662	0.0587	0.1302	0.0566	0.0565	0.0566	0.0566	0.0568	0.0996	0.0565	0.0569	0.0565	0.0566	0

